207.960582129964 
213.175726116389 
197.658229737726 
182.188920602858 
166.783710356164 
151.464940684069 
136.264911146946 
121.231793421291 
106.440407777318 
92.0121397112907 
78.1539831694875 
65.2369906998784 
53.9498363040269 
45.5312450020192 
41.7646977942798 
43.8756064442217 
51.1501176748303 
61.7980605882747 
54.1486320363448 
48.294614440055 
47.2710580266887 
51.3752646055437 
59.5629659079158 
62.4832597324611 
65.0573012388162 
71.1597906488808 
79.992107532825 
90.7650522358923 
102.87446922253 
115.905590046023 
129.583549573955 
120.018343930879 
111.426848384121 
104.536747459307 
99.7052792006089 
97.2437060478725 
97.335983968436 
99.9788002550534 
104.983224713257 
112.036655071355 
120.783609474182 
130.88775316757 
142.062312630065 
154.076827026856 
166.751870218169 
179.949804712691 
193.565333438273 
207.517831148578 
221.745037495022 
236.198598374706 
250.840482073043 
265.640531289492 
268.423202910035 
257.848207430526 
247.803213730059 
238.356434716372 
229.583038671592 
221.564304970529 
214.386171446384 
208.136937066027 
202.903612819273 
198.767703906647 
195.799872890639 
194.054807500532 
193.566548095636 
194.345481922171 
196.37729601686 
199.624422338285 
204.029356536691 
209.519503117679 
216.01240076259 
223.420809069079 
231.656894217009 
240.635594283007 
250.276711054312 
260.506362480166 
271.257443844528 
282.469783856558 
294.089908410803 
306.070472609312 
318.369828120814 
330.95131767939 
343.782754868902 
355.398924504454 
338.920432202491 
322.42223988934 
305.904676530414 
289.368097233342 
272.812934364101 
256.239669332347 
239.648861939604 
223.04121429919 
206.417483217743 
189.778630635248 
173.125859462313 
156.460642587966 
139.785024982308 
123.101831210034 
106.415292934418 
89.7323220518655 
73.0657487569382 
56.4424387964371 
39.9328404871831 
23.8003640652079 
10.1153964702363 
14.2549383797008 
29.4955263078569 
45.8629577066588 
62.4832003525539 
79.2006941491283 
95.9671182540679 
112.762509933274 
129.577446738006 
146.407219305125 
163.250611046296 
180.110584719438 
197.004025888204 
185.392433091269 
174.37837665658 
164.132530720527 
154.808568564652 
146.583619353108 
139.653132334227 
134.218940475021 
130.469407592334 
128.553245748993 
128.55369674857 
130.472014022043 
134.227145779399 
139.67217379743 
146.62004177462 
154.869632210608 
164.225883728028 
174.511768590382 
185.573667683925 
197.281868900454 
209.528818097732 
222.22619366836 
235.301736597334 
248.696472431404 
262.362100352207 
276.258988164037 
290.354504556039 
304.621562999521 
316.350564180542 
326.277144340517 
336.689404283572 
331.201251046168 
315.93523166693 
300.745023587558 
285.643466722713 
270.646287358433 
255.772677184727 
241.046438491885 
226.497348854888 
212.162906928446 
198.090840252451 
184.342483283199 
170.196652690898 
154.736478909191 
139.383072181251 
124.177611762359 
109.183824571341 
94.5045617051293 
80.3149613528315 
66.9301637872523 
54.9452759488044 
45.4849967220831 
40.3703711849472 
41.2554004801891 
47.8122061062584 
58.1564525574505 
70.6462281951385 
84.3359304966948 
98.7297277107289 
113.561803896414 
128.682319110426 
144.0017861968 
159.464039421414 
175.032383451847 
190.681828011659 
206.394880235326 
222.158888059541 
237.96450746432 
253.804749966095 
269.674176846397 
285.568614743719 
301.484694624208 
317.419752298594 
328.451278214251 
324.28353934327 
320.834921163838 
307.472422355679 
291.378373331167 
275.288489348071 
259.204509995167 
243.128634055932 
227.063720332615 
211.01343094483 
194.982687364567 
178.978173316235 
163.009087047805 
147.088720917528 
131.236716672451 
115.483387895217 
99.8778608184481 
84.5050949839524 
69.5231287649424 
55.2553374455602 
42.4341821594848 
32.8097485371218 
29.6831081328959 
34.8565482225349 
45.5919635647488 
58.92813288544 
73.4651819922663 
88.6167573288962 
104.11719569623 
119.833126583896 
135.691414476707 
151.648912976477 
167.678653458513 
183.762976844641 
199.889816797661 
216.050702895775 
232.23943050729 
248.451449421388 
264.683306936042 
280.932298296146 
297.196309031835 
313.473667396179 
329.763018144394 
346.063232719383 
362.373401933185 
363.663477052712 
356.163105659635 
349.217102913733 
342.859606339014 
337.124317540543 
332.043876393158 
327.649157604238 
323.968486551783 
321.026799533979 
314.567541842971 
301.111972525007 
287.990314735356 
275.251636968659 
262.953000585177 
251.160485747169 
239.95018593758 
229.409020532254 
219.634977912813 
210.736462120761 
202.830488463938 
196.038894980457 
190.482748185178 
186.274455226458 
183.508584958623 
182.252647936782 
179.601409380035 
170.6190052431 
162.752166424758 
156.170854838765 
151.044470051837 
147.526004478324 
145.733235291554 
145.731078491025 
147.5207782378 
151.03978721502 
156.17227522144 
162.76667538675 
170.654440309747 
179.666172237316 
189.642420280804 
200.439909284968 
211.933732963204 
224.017320124913 
236.600794743028 
249.609004338718 
262.979325525145 
276.659599780976 
290.606342006813 
304.783256339591 
319.159894796944 
333.710630916497 
348.413814349111 
363.2510605962 
378.206694948142 
393.267281638527 
408.421280795419 
423.658667041319 
424.091578868958 
423.089576290304 
422.661397344568 
422.808796685933 
423.531187374952 
424.825626571895 
426.686887829198 
429.107535980053 
432.078121281534 
435.587306042174 
439.622109953135 
444.168094520534 
449.209615005799 
454.730031699327 
460.711974182943 
467.137537809918 
473.988490355197 
481.246449458453 
488.893056423735 
496.91014868217 
505.279810075862 
513.984576788961 
523.007416420662 
532.331867551944 
541.942040509934 
551.822697000327 
561.959231241341 
572.337704830598 
582.944840586272 
593.767999981634 
604.795228382858 
616.015152822477 
627.417059288112 
621.128806127575 
609.885550568934 
598.826282717612 
587.961689892408 
577.303069492684 
566.862339529296 
556.652044505047 
546.685382363179 
536.976195859295 
527.538967287968 
518.388813385739 
509.541445680552 
501.013152182292 
485.941748222508 
470.023531320869 
454.199475708933 
438.480945877044 
422.88090047916 
407.414167780619 
392.097771652735 
376.95134237426 
361.997526921083 
347.262599829873 
332.777046657214 
318.576389864464 
304.702005486859 
291.202206191537 
278.133291877776 
265.56071968628 
253.560347087505 
242.219265821701 
231.636138299716 
221.918058447122 
151.804178565072 
165.336085717394 
179.257299455095 
193.485845495007 
207.960582129964 
213.175726116389 

